((("print_none" .
   [0 0 0 0 0 0 0 1 0 0])
  ("print_one" .
   [0 0 0 1 0 0 0 0 0])
  ("print_two_again" .
   [0 0 0 0 0 0 1 0 0 0 0 0 0 0 0])
  ("print_two" .
   [0 0 0 0 0 0 1 0 1])
  ("arg2" .
   [2 0 0 0])
  ("arg1" .
   [3 0 1 0])
  ("args" .
   [1 0 0 0])
  ("write" .
   [0 0 0 1 0])
  ("close" .
   [1 0 0 0 1])
  ("out_file" .
   [0 0 0 1 0 0 0 1])
  ("raw_input" .
   [0 0 0 1 0 0 0 0 0])
  ("indata" .
   [1 0 0 0 1 0])
  ("read" .
   [2 0 0 0])
  ("in_file" .
   [2 0 0 0 1 0 0])
  ("open" .
   [0 0 0 2])
  ("to_file" .
   [1 0 2 0 0 0 0])
  ("from_file" .
   [0 0 1 0 0 0 1 1 0])
  ("script" .
   [1 0 0 0 0 0])
  ("argv" .
   [2 0 0 0])
  ("import" .
   [0 0 0 0 0 2])
  ("sys" .
   [1 0 0])))
